0 0.010114
1 0.009996
2 0.009933
3 0.010186
4 0.009977
5 0.010171
6 0.010096
7 0.010066
8 0.009868
9 0.009894
10 0.009885
11 0.009866
12 0.010063
13 0.009897
14 0.01005
15 0.009951
16 0.010053
17 0.009923
18 0.01008
19 0.010098
20 0.010092
21 0.010075
22 0.01004
23 0.009962
24 0.010108
25 0.010037
26 0.009971
27 0.009922
28 0.009925
29 0.010045
30 0.009874
31 0.01001
32 0.009875
33 0.010005
34 0.0098
35 0.010001
36 0.01009
37 0.01004
38 0.00993
39 0.010046
40 0.009945
41 0.009852
42 0.009759
43 0.010029
44 0.010047
45 0.009963
46 0.010003
47 0.009862
48 0.009993
49 0.00997
50 0.010117
51 0.009929
52 0.009963
53 0.009997
54 0.010135
55 0.009882
56 0.009886
57 0.009913
58 0.009956
59 0.0099
60 0.009964
61 0.009994
62 0.010042
63 0.01007
64 0.01012
65 0.009999
66 0.01021
67 0.010123
68 0.010007
69 0.009985
70 0.00984
71 0.010073
72 0.00983
73 0.010049
74 0.010106
75 0.010021
76 0.01009
77 0.009998
78 0.010029
79 0.010038
80 0.010199
81 0.009974
82 0.009934
83 0.010008
84 0.010145
85 0.010117
86 0.009954
87 0.009859
88 0.009851
89 0.010088
90 0.010018
91 0.01009
92 0.010055
93 0.009948
94 0.010185
95 0.009966
96 0.00987
97 0.010026
98 0.009999
99 0.01001
