0 0.0106
1 0.0096
2 0.0123
3 0.0106
4 0.011
5 0.0115
6 0.0067
7 0.0088
8 0.0119
9 0.0118
10 0.0093
11 0.0106
12 0.0089
13 0.01
14 0.0112
15 0.0102
16 0.0094
17 0.0086
18 0.0092
19 0.0088
20 0.011
21 0.0098
22 0.0104
23 0.0093
24 0.0081
25 0.0113
26 0.0091
27 0.0113
28 0.0091
29 0.0105
30 0.0085
31 0.0111
32 0.0086
33 0.0076
34 0.0108
35 0.0081
36 0.0102
37 0.0086
38 0.0102
39 0.0097
40 0.0113
41 0.0127
42 0.0098
43 0.0103
44 0.0101
45 0.0116
46 0.0104
47 0.0114
48 0.0108
49 0.0108
50 0.0083
51 0.0097
52 0.0109
53 0.0112
54 0.0073
55 0.0078
56 0.0103
57 0.0086
58 0.0085
59 0.0121
60 0.0105
61 0.0091
62 0.0085
63 0.0102
64 0.0109
65 0.0103
66 0.0098
67 0.0092
68 0.0104
69 0.0112
70 0.0094
71 0.0106
72 0.0123
73 0.0102
74 0.0118
75 0.0096
76 0.0112
77 0.0084
78 0.0092
79 0.0093
80 0.0101
81 0.0095
82 0.01
83 0.0094
84 0.0099
85 0.011
86 0.0094
87 0.0108
88 0.0108
89 0.0107
90 0.0104
91 0.0109
92 0.008
93 0.0097
94 0.0103
95 0.0105
96 0.0108
97 0.0093
98 0.0086
99 0.0096
