0 0.0100087
1 0.01001
2 0.0100313
3 0.009917
4 0.0099817
5 0.009975
6 0.0099793
7 0.0100059
8 0.0100701
9 0.0100043
10 0.0099626
11 0.0100166
12 0.009984
13 0.0099694
14 0.009938
15 0.0100493
16 0.0099876
17 0.0100505
18 0.0100018
19 0.0099716
20 0.0099996
21 0.0099874
22 0.010007
23 0.009983
24 0.0099556
25 0.010001
26 0.0099935
27 0.0100833
28 0.0099953
29 0.0100591
30 0.0099759
31 0.010035
32 0.0099623
33 0.0099637
34 0.0099842
35 0.0099973
36 0.0099771
37 0.010027
38 0.0099936
39 0.0099738
40 0.0099588
41 0.0100552
42 0.0100514
43 0.0100242
44 0.0100359
45 0.0099894
46 0.0100141
47 0.0100087
48 0.0100459
49 0.0099928
50 0.0099471
51 0.0100421
52 0.0100814
53 0.0100407
54 0.0099623
55 0.0099946
56 0.0100016
57 0.0099789
58 0.0099936
59 0.0099596
60 0.0100622
61 0.0099674
62 0.0100042
63 0.0100216
64 0.010002
65 0.0099904
66 0.0100249
67 0.0099704
68 0.0100177
69 0.0100428
70 0.0100055
71 0.0099548
72 0.010013
73 0.0099584
74 0.0100065
75 0.0100414
76 0.0099769
77 0.0100171
78 0.0099684
79 0.0099445
80 0.0100283
81 0.0100893
82 0.010018
83 0.0100083
84 0.0099407
85 0.0099913
86 0.0099835
87 0.0099902
88 0.009998
89 0.0099796
90 0.0099513
91 0.0100129
92 0.0099991
93 0.0099897
94 0.009974
95 0.010027
96 0.0099729
97 0.0099998
98 0.0099838
99 0.0100245
