0 0.011
1 0.0094
2 0.0091
3 0.0108
4 0.0086
5 0.0103
6 0.009
7 0.0116
8 0.0115
9 0.0108
10 0.0112
11 0.009
12 0.0114
13 0.0112
14 0.011
15 0.0086
16 0.0102
17 0.0091
18 0.0095
19 0.0105
20 0.0103
21 0.0091
22 0.0109
23 0.0106
24 0.0103
25 0.0106
26 0.0106
27 0.0102
28 0.0093
29 0.0099
30 0.0095
31 0.0101
32 0.0105
33 0.0108
34 0.0096
35 0.0089
36 0.011
37 0.0102
38 0.0106
39 0.0116
40 0.0112
41 0.0091
42 0.009
43 0.0094
44 0.0107
45 0.0105
46 0.0129
47 0.0093
48 0.0082
49 0.0103
50 0.0093
51 0.0084
52 0.0085
53 0.0084
54 0.0103
55 0.0111
56 0.0103
57 0.0101
58 0.0103
59 0.0094
60 0.0086
61 0.01
62 0.0095
63 0.0092
64 0.0113
65 0.0104
66 0.0084
67 0.0097
68 0.012
69 0.0109
70 0.0095
71 0.0103
72 0.0096
73 0.0103
74 0.0088
75 0.0105
76 0.0092
77 0.0104
78 0.0113
79 0.0088
80 0.0105
81 0.0094
82 0.0097
83 0.0092
84 0.0096
85 0.0109
86 0.0092
87 0.0094
88 0.0121
89 0.0084
90 0.0088
91 0.0086
92 0.0104
93 0.01
94 0.011
95 0.0091
96 0.0097
97 0.0093
98 0.0105
99 0.0104
