0 0.0100116
1 0.00998604
2 0.00999057
3 0.00999986
4 0.00999612
5 0.0100022
6 0.00999707
7 0.0100021
8 0.00997982
9 0.00999979
10 0.00998904
11 0.0100045
12 0.0100067
13 0.00999294
14 0.0100082
15 0.00998426
16 0.00999039
17 0.00997981
18 0.0100088
19 0.0100133
20 0.00999234
21 0.0100004
22 0.0100028
23 0.00999623
24 0.00999079
25 0.010012
26 0.0100023
27 0.00998699
28 0.0099946
29 0.0099965
30 0.010011
31 0.0100002
32 0.00999898
33 0.0100014
34 0.00999307
35 0.0100151
36 0.00998293
37 0.0100018
38 0.00999941
39 0.0100276
40 0.0100021
41 0.00999844
42 0.00998083
43 0.00998738
44 0.00999048
45 0.00998975
46 0.00999786
47 0.0100054
48 0.0100073
49 0.00999549
50 0.00999956
51 0.00999116
52 0.0100018
53 0.00999832
54 0.00999122
55 0.00999182
56 0.00999703
57 0.0100035
58 0.00998855
59 0.00999754
60 0.0100155
61 0.0100074
62 0.0100187
63 0.0100162
64 0.00998642
65 0.0100114
66 0.00998897
67 0.00997973
68 0.0100001
69 0.0100128
70 0.0100108
71 0.010006
72 0.0100087
73 0.0100134
74 0.00998386
75 0.0100015
76 0.0100113
77 0.0100036
78 0.0100114
79 0.00999474
80 0.0100182
81 0.0100136
82 0.0100097
83 0.010025
84 0.00997881
85 0.0100122
86 0.009999
87 0.00998396
88 0.0100002
89 0.0100032
90 0.0100129
91 0.0100099
92 0.010001
93 0.0099967
94 0.00999802
95 0.0100097
96 0.00999483
97 0.00998805
98 0.00999656
99 0.010001
