0 0.01002
1 0.01043
2 0.00938
3 0.01007
4 0.00999
5 0.00966
6 0.01016
7 0.01022
8 0.01062
9 0.00966
10 0.0102
11 0.00922
12 0.01001
13 0.01002
14 0.00968
15 0.00967
16 0.01066
17 0.01002
18 0.01055
19 0.01013
20 0.00986
21 0.01012
22 0.00991
23 0.00995
24 0.01016
25 0.00998
26 0.00992
27 0.00995
28 0.00994
29 0.01037
30 0.00982
31 0.01071
32 0.01002
33 0.01042
34 0.00979
35 0.00978
36 0.00991
37 0.00949
38 0.00993
39 0.00984
40 0.01031
41 0.01044
42 0.00994
43 0.00973
44 0.01007
45 0.01023
46 0.01033
47 0.00971
48 0.01023
49 0.0106
50 0.00935
51 0.00964
52 0.00979
53 0.0104
54 0.01041
55 0.01009
56 0.00981
57 0.01037
58 0.00945
59 0.00991
60 0.01004
61 0.01015
62 0.01012
63 0.01
64 0.01043
65 0.01013
66 0.01011
67 0.01025
68 0.01005
69 0.00962
70 0.00968
71 0.0095
72 0.0101
73 0.00971
74 0.01084
75 0.00967
76 0.00987
77 0.01011
78 0.00991
79 0.01011
80 0.01019
81 0.01012
82 0.00987
83 0.01004
84 0.00966
85 0.01045
86 0.01019
87 0.01015
88 0.00965
89 0.00912
90 0.00987
91 0.00957
92 0.01032
93 0.01006
94 0.01005
95 0.00983
96 0.00986
97 0.00955
98 0.00999
99 0.01001
